Epoch	AverageEpRet	StdEpRet	MaxEpRet	MinEpRet	EpLen	AverageVVals	StdVVals	MaxVVals	MinVVals	TotalEnvInteracts	LossPi	LossV	DeltaLossPi	DeltaLossV	Entropy	KL	ClipFrac	StopIter	Time
0	-0.1	0.0	-0.1	-0.1	208.47368	0.15168566	0.00273105	0.15505391	0.14585635	5000	-7.599592e-08	0.03175016	-0.0060916035	-0.029484719	0.918938	0.017357312	0.21059999	4.0	2.478334426879883
1	-0.1	0.0	-0.1	-0.1	441.125	-0.020309657	0.008093654	-0.008635204	-0.033191897	10000	2.0861625e-08	0.00048614186	-0.0043173805	-1.7094822e-05	0.91932935	0.006919781	0.0826	79.0	7.132194757461548
2	-0.1	0.0	-0.1	-0.1	424.77777	-0.016884943	0.007681183	-0.0041393265	-0.030627802	15000	5.9604646e-09	0.00055496645	-0.004255901	-1.9450532e-05	0.92183495	0.008140547	0.0782	79.0	11.817606925964355
3	-0.08	0.04	0.0	-0.1	768.4	-0.012593108	0.0042114295	-0.0051378757	-0.023689013	20000	7.450581e-09	0.00034636562	-0.0027326779	-4.436079e-05	0.9041489	0.0044630403	0.0528	79.0	16.542856216430664
4	-0.1	0.0	-0.1	-0.1	373.375	-0.008485678	0.011014971	0.011622839	-0.026216365	25000	0.0	0.0006503751	-0.004147282	-0.00011125011	0.8953846	0.015622166	0.261	4.0	18.753085613250732
5	-0.1	0.0	-0.1	-0.1	554.5	-0.014826437	0.0051812916	-0.0039996766	-0.023919377	30000	7.450581e-09	0.00048271922	-0.003541334	-6.0931714e-05	0.89529455	0.0045422353	0.059600003	79.0	23.38832974433899
6	-0.087500006	0.03307189	0.0	-0.1	481.25	-0.016127855	0.0040860604	-0.010119017	-0.025124494	35000	-4.4703485e-09	0.00049747445	-0.0041448874	-6.795516e-05	0.8944003	0.0065557184	0.056599997	79.0	28.02312922477722
7	-0.1	0.0	-0.1	-0.1	487.0	-0.006215419	0.008099233	0.00433746	-0.020052794	40000	1.4901161e-08	0.0005376468	-0.0058496133	-0.000103277016	0.9038168	0.007496313	0.1066	79.0	32.985557317733765
8	-0.087500006	0.03307189	0.0	-0.1	441.875	-0.016293244	0.0044713467	-0.005136762	-0.026530974	45000	0.0	0.0005220421	-0.0045739682	-7.7408156e-05	0.8968007	0.017206158	0.2388	4.0	35.16405916213989
9	0.38	0.5075431	1.0	-0.1	745.0	-0.017600227	0.0077207116	-0.0009470135	-0.03158167	50000	7.450581e-09	0.02160953	-0.00333229	-0.0040211543	0.89666003	0.018200893	0.3018	3.0	37.39482927322388
10	0.14444444	0.4573137	1.0	-0.1	399.8889	0.05438373	0.065015115	0.1601711	-0.06416088	55000	1.7881394e-08	0.022245917	0.0016260415	-0.002652319	0.896529	0.01713468	0.26360002	3.0	39.64150834083557
11	0.046666663	0.3739281	1.0	-0.1	300.73334	0.030433929	0.027777398	0.07257682	-0.016473696	60000	1.1920929e-08	0.02043283	-0.0037168413	-0.0006913693	0.8961013	0.008582656	0.1012	79.0	44.36541771888733
12	-0.10000001	7.450581e-09	-0.1	-0.1	325.64285	0.009540032	0.017697489	0.049009554	-0.028597664	65000	2.3841858e-08	0.0024133448	-0.0057691205	-0.0017033443	0.88680047	0.0049635256	0.069	79.0	49.08690428733826
13	-0.1	0.0	-0.1	-0.1	332.18182	-0.027215632	0.0037475256	-0.023627806	-0.03504091	70000	6.7055224e-09	0.00059800385	-0.0038858578	-3.6008005e-05	0.8794516	0.005576356	0.0622	79.0	54.03937816619873
14	-0.1	0.0	-0.1	-0.1	435.125	-0.024594838	0.0061717015	-0.014025629	-0.034015425	75000	-1.4901161e-09	0.0005590621	-0.0037672445	-5.6488112e-05	0.8776537	0.004958629	0.0778	79.0	58.643333196640015
15	0.2	0.48989797	1.0	-0.1	380.63635	-0.021242663	0.0052801417	-0.013629854	-0.029945873	80000	0.0	0.0333267	-0.0035158203	-0.005589676	0.87787926	0.007098152	0.07	79.0	63.333930015563965
16	0.022222217	0.34569666	1.0	-0.1	397.55554	0.02181857	0.02916789	0.09708245	-0.039205138	85000	0.0	0.009974748	-0.0016229391	-0.0008469629	0.86992186	0.003239834	0.0382	79.0	68.32823419570923
17	-0.099999994	7.450581e-09	-0.1	-0.1	367.22223	0.004486689	0.05923807	0.115253985	-0.07190895	90000	-5.9604646e-09	0.005066608	-0.005756258	-0.0045332797	0.87495536	0.008526289	0.0774	79.0	73.06366753578186
18	0.22999999	0.50408334	1.0	-0.1	393.0	-0.022552814	0.0094129965	-0.010075245	-0.05209501	95000	0.0	0.03314238	-0.004597275	-0.008500731	0.8876003	0.006155131	0.0778	79.0	77.98492097854614
19	0.099999994	0.42426407	1.0	-0.1	351.63635	0.022713156	0.07119249	0.1540147	-0.07288909	100000	-1.7881394e-08	0.014985554	-0.004181125	-0.00017403121	0.8648903	0.005049917	0.0636	79.0	82.71661639213562
20	0.02222222	0.34569666	1.0	-0.1	473.1111	0.04281879	0.04892473	0.120438166	-0.08631805	105000	-5.9604646e-09	0.011865723	-0.004753519	-0.0032498748	0.85615236	0.0059876987	0.049599998	79.0	87.24602818489075
21	0.5111111	0.54659444	1.0	-0.1	421.44446	-0.013859075	0.0602288	0.12614012	-0.103026696	110000	2.9802323e-09	0.04538924	-0.0038455694	-0.011540535	0.8378376	0.006896718	0.0968	79.0	91.9922788143158
22	0.39999998	0.5477226	1.0	-0.1	346.45456	0.10278276	0.11869166	0.32840976	-0.09074654	115000	5.9604646e-09	0.036333945	-0.0024562427	-0.006134948	0.8305996	0.0039788163	0.033200003	79.0	96.91276502609253
23	0.099999994	0.42426407	1.0	-0.1	336.36365	0.0442829	0.09296765	0.21923766	-0.10174665	120000	-5.9604646e-09	0.022505676	-0.0024533458	-0.0048174825	0.8326839	0.0049708365	0.065799996	79.0	101.5584602355957
24	0.022222219	0.34569666	1.0	-0.1	452.55554	0.012731561	0.052996736	0.1839211	-0.04128875	125000	-1.4901161e-09	0.011376328	-0.0048314417	-0.0012474114	0.8180677	0.012038542	0.14500001	79.0	106.4197998046875
25	-2.7093021e-09	0.31622776	1.0	-0.1	343.27274	-0.0036388652	0.040179234	0.06874053	-0.057269208	130000	0.0	0.010452815	-0.0030531571	-0.0005567735	0.80360556	0.004355704	0.051	79.0	111.05714583396912
26	0.325	0.5238082	1.0	-0.1	512.0	-0.015399849	0.034343157	0.085467815	-0.043788638	135000	2.0861625e-08	0.024853986	-0.0028536066	-0.010794026	0.7959875	0.005250444	0.0558	79.0	115.7579619884491
27	0.02	0.3280244	1.0	-0.1	377.4	0.070432045	0.08751242	0.32433417	-0.010531992	140000	2.682209e-08	0.013714634	-0.0023900599	-0.0074355504	0.8059572	0.004965945	0.023	79.0	120.51866722106934
28	0.022222217	0.34569666	1.0	-0.1	403.33334	0.059495386	0.08668113	0.2821771	-0.086264476	145000	3.576279e-08	0.016722621	-0.0029337883	-0.0068547814	0.79821616	0.00551276	0.04	79.0	125.20886468887329
29	0.23999998	0.49839744	1.0	-0.1	438.0	-0.009768883	0.03519823	0.07279842	-0.044972636	150000	1.1920929e-08	0.025804047	-0.0051640235	-0.006233768	0.7859622	0.007687545	0.0742	79.0	129.90541005134583
30	0.37142855	0.54435885	1.0	-0.1	377.57144	0.0044450164	0.09166923	0.26739016	-0.07154375	155000	0.0	0.01560848	-0.0034930483	-0.0061984584	0.78337944	0.005976508	0.0756	79.0	134.84251356124878
31	0.4076923	0.54837036	1.0	-0.1	299.0	0.15875329	0.12666646	0.48503414	-0.02024034	160000	1.7881394e-08	0.045528024	-0.004935042	-0.011722693	0.7869495	0.008316145	0.13399999	79.0	139.5094199180603
32	0.13571428	0.4513585	1.0	-0.1	300.92856	0.027725207	0.10764541	0.3243016	-0.15760666	165000	-3.7252903e-09	0.018676687	-0.0031458796	-0.008712722	0.7864515	0.0036858737	0.044	79.0	144.1687891483307
33	0.2142857	0.49692932	1.0	-0.1	269.57144	0.050102074	0.12958384	0.3615057	-0.10822441	170000	0.0	0.03917041	-0.0037383125	-0.014468754	0.78499115	0.007120212	0.082	79.0	148.79723262786865
34	0.41333336	0.5487764	1.0	-0.1	290.53333	0.03444441	0.09784739	0.242151	-0.10237269	175000	-5.9604646e-09	0.053392895	-0.0026057637	-0.0172768	0.79203445	0.0076876367	0.0906	79.0	153.59883618354797
35	0.11999999	0.43999997	1.0	-0.1	274.06668	0.1202948	0.14584485	0.3668153	-0.04711965	180000	-5.9604646e-09	0.047802262	-0.0031760558	-0.039408337	0.78708804	0.003274595	0.065	79.0	158.62362241744995
36	0.38125	0.5456862	1.0	-0.1	255.4375	0.0961537	0.15517183	0.4382889	-0.088646285	185000	-1.7881394e-08	0.0463128	-0.0044462592	-0.005467415	0.7884604	0.0071720383	0.06999999	79.0	163.5980408191681
37	0.4076923	0.54837036	1.0	-0.1	319.0	0.050822694	0.08263881	0.1811148	-0.19231781	190000	0.0	0.06397127	-0.006269534	-0.027255308	0.7695535	0.007481898	0.0726	79.0	168.35012364387512
38	0.175	0.47631398	1.0	-0.1	341.91666	0.096765295	0.1190046	0.420488	-0.0021376088	195000	1.4901161e-09	0.03143223	-0.0044587017	-0.008567914	0.7597865	0.011941907	0.13659999	79.0	173.2351372241974
39	0.45000002	0.54999995	1.0	-0.1	301.2857	0.07156201	0.10656967	0.3276247	-0.010806661	200000	4.4703485e-09	0.057243954	-0.004227956	-0.015799308	0.7704131	0.00787176	0.110800005	79.0	178.26670289039612
40	0.48235297	0.54904765	1.0	-0.1	264.88235	0.09869187	0.12663196	0.3569178	-0.06522718	205000	5.9604646e-09	0.053365074	-0.0066454844	-0.016530106	0.763603	0.011953526	0.14220001	79.0	182.97385597229004
41	0.5285714	0.54435885	1.0	-0.1	282.85715	0.1397403	0.14902584	0.3954115	-0.032507792	210000	-1.4901161e-09	0.061956536	-0.0057602213	-0.017331412	0.7302592	0.0059682503	0.074	79.0	187.9046552181244
42	0.6526316	0.5113125	1.0	-0.1	231.0	0.16149011	0.13835542	0.41766122	-0.12674133	215000	-5.9604646e-09	0.060854185	-0.0043125316	-0.01512759	0.71100074	0.008775807	0.0752	79.0	192.58149933815002
43	0.61500007	0.52466655	1.0	-0.1	225.3	0.22724701	0.19565167	0.48711577	-0.09961459	220000	1.4901161e-08	0.05823181	-0.0040055537	-0.010381646	0.7023209	0.0067268955	0.0686	79.0	197.301016330719
44	0.39999998	0.5477226	1.0	-0.1	209.54546	0.26442915	0.17494047	0.485783	-0.07169761	225000	-1.4901161e-08	0.09675881	-0.0044745267	-0.054639388	0.7050784	0.0042823465	0.0542	79.0	202.07385897636414
45	0.39499998	0.5472431	1.0	-0.1	214.7	0.21185376	0.14513406	0.46046665	-0.09769304	230000	-1.7881394e-08	0.08164586	-0.0056500137	-0.029288422	0.6914141	0.008764031	0.0766	79.0	207.06557416915894
46	0.7904762	0.4319444	1.0	-0.1	207.90475	0.18260792	0.06457799	0.35412112	-0.0014617369	235000	-5.9604646e-09	0.10118	-0.0045977025	-0.028986732	0.68596804	0.0058773058	0.053799998	79.0	211.9827835559845
47	0.75	0.46097723	1.0	-0.1	202.13637	0.28382087	0.088011816	0.4182867	0.111098096	240000	0.0	0.08377985	-0.0025020405	-0.013781366	0.6894981	0.0062572686	0.043	79.0	216.7568657398224
48	0.58750004	0.53253525	1.0	-0.1	188.41667	0.30607125	0.11594601	0.45147845	-0.07210055	245000	-1.1920929e-08	0.09079676	-0.0041636936	-0.030146912	0.67639816	0.0074028433	0.074	79.0	221.61313343048096
49	0.83076924	0.39688134	1.0	-0.1	172.38461	0.23830356	0.1365232	0.4694111	-0.03019211	250000	1.1920929e-08	0.10359919	-0.0036830425	-0.03798551	0.67009896	0.0038404434	0.052999996	79.0	226.27316999435425
50	0.7344827	0.47071177	1.0	-0.1	162.72414	0.3372708	0.12971143	0.45686442	-0.09576627	255000	-5.9604646e-09	0.07628189	-0.0040609115	-0.01462633	0.6607086	0.003566939	0.052600004	79.0	231.07612419128418
51	0.9266666	0.2743882	1.0	-0.1	153.9	0.32661432	0.12317375	0.494628	-0.17224114	260000	-2.9802323e-09	0.07735668	-0.0032134335	-0.02091589	0.6510587	0.0038471934	0.0356	79.0	236.10637879371643
52	0.9266666	0.27438822	1.0	-0.1	149.06667	0.4869624	0.07851725	0.62992543	0.08218257	265000	2.9802323e-09	0.066446595	-0.003462571	-0.008420728	0.6524607	0.0069127595	0.045199998	79.0	241.04264664649963
53	0.81666666	0.4099458	1.0	-0.1	150.7	0.4338958	0.16168128	0.53764826	-0.25116643	270000	-5.9604646e-09	0.08656746	-0.0035788827	-0.03407347	0.647364	0.0072599635	0.046800002	79.0	245.9282898902893
54	0.93125	0.2662676	1.0	-0.1	145.40625	0.42537978	0.13075693	0.5823558	0.011214782	275000	-1.2665987e-08	0.059080385	-0.0033477764	-0.009957987	0.6310574	0.004024134	0.051200002	79.0	250.7748100757599
55	1.0	0.0	1.0	1.0	141.59375	0.46112832	0.17733672	0.6364761	-0.32910684	280000	2.9802323e-09	0.0835675	-0.0045230915	-0.038568553	0.6222588	0.006175609	0.0486	79.0	255.822918176651
56	0.90571433	0.30793586	1.0	-0.1	132.6	0.5208457	0.05560724	0.58842283	0.23517312	285000	2.0861625e-08	0.062086087	-0.005133138	-0.010317028	0.6158803	0.0066765486	0.070599996	79.0	260.8366758823395
57	0.8472222	0.38041362	1.0	-0.1	125.47222	0.49480498	0.12296446	0.65626335	0.029593226	290000	-5.9604646e-09	0.08906764	-0.0053551113	-0.02991176	0.60496783	0.0056525595	0.083399996	79.0	265.7261972427368
58	1.0	0.0	1.0	1.0	121.128204	0.4710984	0.113963194	0.5986005	-0.13592093	295000	8.195639e-09	0.048037063	-0.0026996895	-0.0114568295	0.59283173	0.003946321	0.0308	79.0	270.68278670310974
59	0.86585367	0.35995242	1.0	-0.1	115.80488	0.5575892	0.105153546	0.6742539	-0.021656787	300000	-2.9802323e-09	0.0631905	-0.005099707	-0.020169776	0.5795362	0.0050439043	0.0576	79.0	275.90832567214966
60	0.83500004	0.39277858	1.0	-0.1	113.275	0.5050925	0.17117965	0.73263186	-0.36465785	305000	1.4901161e-09	0.06342156	-0.0033847117	-0.013287266	0.56116664	0.002635089	0.038999997	79.0	280.6816465854645
61	0.9266666	0.27438822	1.0	-0.1	107.8	0.5390539	0.1427072	0.66725737	-0.28624347	310000	0.0	0.05271246	-0.005357188	-0.012409793	0.56048214	0.0035428521	0.052600004	79.0	285.724817276001
62	0.97380954	0.16770086	1.0	-0.1	107.52381	0.5409174	0.14185947	0.70254296	-0.24998018	315000	-2.9802323e-09	0.048875205	-0.0028684752	-0.008551295	0.5656358	0.0047415323	0.031600002	79.0	290.6474721431732
63	0.9755556	0.16214609	1.0	-0.1	105.8	0.58128065	0.10178899	0.68361276	0.14165746	320000	1.45286325e-08	0.03603632	-0.0041454444	-0.002601007	0.5602076	0.0030749317	0.0476	79.0	295.57379150390625
64	0.9266667	0.2743882	1.0	-0.1	107.64445	0.55964476	0.1339852	0.7494911	-0.0045402423	325000	8.940697e-09	0.042238846	-0.0028016723	-0.003658758	0.5514046	0.004689217	0.0262	79.0	300.3565514087677
65	0.9511111	0.22668846	1.0	-0.1	105.111115	0.57430804	0.13238025	0.77544993	-0.10735935	330000	1.3411045e-08	0.050228667	-0.0050312006	-0.0060513755	0.55634177	0.006070572	0.049000002	79.0	305.4116702079773
66	0.9521739	0.22432424	1.0	-0.1	102.565216	0.5865191	0.10977185	0.70010525	0.0799683	335000	1.1175871e-09	0.043349374	-0.005777576	-0.0056354543	0.53864396	0.0063011968	0.0602	79.0	310.25866532325745
67	1.0	0.0	1.0	1.0	98.63265	0.57993025	0.10586738	0.71717936	0.061114565	340000	0.0	0.033190213	-0.0033962436	-0.00691412	0.5283686	0.0029020263	0.0328	79.0	315.45822525024414
68	1.0	0.0	1.0	1.0	100.38298	0.61566055	0.08612681	0.71311766	0.27450004	345000	-7.450581e-09	0.027522136	-0.0032531754	-0.0007490016	0.5174333	0.003477259	0.0412	79.0	320.6514801979065
69	1.0	0.0	1.0	1.0	97.854164	0.6284417	0.09259073	0.74598336	0.25167257	350000	-8.195639e-09	0.026892405	-0.0032474664	-0.00066709035	0.5041898	0.0044947965	0.0366	79.0	325.5576093196869
70	0.91020405	0.30118465	1.0	-0.1	97.0	0.6258203	0.09550414	0.71735126	0.25468406	355000	-2.9802323e-09	0.057098396	-0.0050407657	-0.014676449	0.50324184	0.005779314	0.044200003	79.0	330.50659108161926
71	0.932653	0.2637158	1.0	-0.1	98.97959	0.59832317	0.13691086	0.7359223	0.008093152	360000	5.9604646e-09	0.06517631	-0.0069119423	-0.016852621	0.496502	0.009046227	0.072799996	79.0	335.5492014884949
72	0.97800004	0.154	1.0	-0.1	93.86	0.62152404	0.11051667	0.72496414	0.059985414	365000	1.7881394e-08	0.033619713	-0.0028441981	-0.0029575	0.49824023	0.0053510373	0.0244	79.0	340.43829321861267
73	1.0	0.0	1.0	1.0	94.1	0.6228557	0.10310348	0.72001207	0.16347227	370000	6.7055224e-09	0.027010534	-0.0034027225	-0.0026462662	0.5075138	0.0030282964	0.035800003	79.0	345.62820959091187
74	1.0	0.0	1.0	1.0	91.78846	0.6465732	0.08893123	0.7273538	0.24790074	375000	-1.0058284e-08	0.02357078	-0.0045463224	-0.00039862393	0.49752006	0.0039316947	0.046	79.0	350.7571790218353
75	1.0	0.0	1.0	1.0	91.03846	0.64814013	0.08932329	0.7154683	0.25893524	380000	8.195639e-09	0.023974609	-0.003697202	-0.0003786493	0.49280244	0.004006152	0.041399997	79.0	355.925101518631
76	1.0	0.0	1.0	1.0	90.05556	0.6417556	0.09073408	0.7103079	0.26127005	385000	4.842877e-09	0.022886757	-0.0033643492	-0.00039124265	0.48207292	0.0031324644	0.036	79.0	360.9117844104767
77	0.93529403	0.25882354	1.0	-0.1	93.35294	0.64959013	0.08751112	0.72232604	0.27244166	390000	7.450581e-09	0.055995584	-0.0047520823	-0.009185589	0.48017177	0.005800219	0.060799997	79.0	365.9187457561493
78	1.0	0.0	1.0	1.0	88.96296	0.6121416	0.11137011	0.72974646	0.19760823	395000	5.9604646e-09	0.029462352	-0.0035416647	-0.007101382	0.48301655	0.0043250183	0.040599998	79.0	370.9083409309387
79	1.0	0.0	1.0	1.0	87.98182	0.65709543	0.08774196	0.7239903	0.30748552	400000	-3.7252903e-09	0.021360446	-0.0021237482	-0.0002968315	0.48375648	0.0035554045	0.025799999	79.0	376.54926323890686
80	0.97962964	0.14829855	1.0	-0.1	89.611115	0.662568	0.08658541	0.72604406	0.30759442	405000	4.4703485e-09	0.031115407	-0.0027007773	-0.0023256293	0.48449907	0.0039432277	0.0276	79.0	381.6414997577667
81	0.9365384	0.25647673	1.0	-0.1	92.17308	0.6365365	0.1030596	0.73127925	0.20116796	410000	0.0	0.049774446	-0.0015505205	-0.0043455646	0.484078	0.017304504	0.1882	3.0	384.2120854854584
82	0.9592593	0.20773782	1.0	-0.1	89.24074	0.61918634	0.11119711	0.73894066	0.11557026	415000	-1.3411045e-08	0.04322686	-0.00505484	-0.005212597	0.4839118	0.0039252266	0.052600004	79.0	389.3876791000366
83	0.95849055	0.20961237	1.0	-0.1	90.0	0.61841464	0.10481499	0.7948283	0.18569025	420000	-8.940697e-09	0.037873197	-0.0049750023	-0.0067538656	0.4749953	0.0065467507	0.050400008	79.0	394.4422867298126
84	1.0	0.0	1.0	1.0	86.26786	0.6178329	0.11484915	0.7498077	-0.0288602	425000	-1.4901161e-08	0.029568572	-0.0034385554	-0.008379283	0.47223172	0.0023513883	0.026800001	79.0	399.4735291004181
85	0.8981481	0.31884676	1.0	-0.1	88.44444	0.65790486	0.09524412	0.74800426	0.25066507	430000	-8.940697e-09	0.06664172	-0.00588995	-0.013863233	0.48156863	0.00988234	0.0678	79.0	404.64824771881104
86	0.96	0.20591262	1.0	-0.1	84.32727	0.59778863	0.09044656	0.76808983	0.23294225	435000	8.940697e-09	0.042606972	-0.003632199	-0.004407462	0.46366414	0.008154549	0.041	79.0	409.88281321525574
87	0.98035717	0.14567535	1.0	-0.1	85.26786	0.6491375	0.101132855	0.7638402	0.20253661	440000	-1.1920929e-08	0.03509718	-0.0034573681	-0.0067045996	0.46319062	0.0037799147	0.034	79.0	415.2008640766144
88	1.0	0.0	1.0	1.0	84.0	0.656987	0.091532156	0.7515951	0.21607015	445000	-5.9604646e-09	0.025465721	-0.004403629	-0.0014487788	0.45678464	0.0058933087	0.0488	79.0	420.28547382354736
89	0.98	0.14696938	1.0	-0.1	84.67273	0.67255586	0.09169018	0.75764203	0.29309747	450000	4.4703485e-09	0.029550891	-0.0039860136	-0.002486949	0.42825404	0.0045099957	0.0418	79.0	425.39100074768066
90	1.0	0.0	1.0	1.0	82.33898	0.6563288	0.09676778	0.753173	0.16977471	455000	-5.2154063e-09	0.020694712	-0.0028700926	-0.001273419	0.42946863	0.0042057047	0.029800002	79.0	430.6398663520813
91	0.9810345	0.14318651	1.0	-0.1	82.27586	0.68505234	0.088146485	0.7507123	0.332576	460000	2.9802323e-09	0.028634077	-0.004453284	-0.0010105434	0.43129864	0.006505734	0.044	79.0	435.8006935119629
92	1.0	0.0	1.0	1.0	81.59322	0.658642	0.09197313	0.7481936	0.23579995	465000	-5.2154063e-09	0.020126395	-0.004265973	-0.0009956338	0.4259573	0.0024733245	0.0382	79.0	440.89592599868774
93	0.9633333	0.19745603	1.0	-0.1	80.566666	0.677152	0.088554874	0.7449606	0.30678353	470000	1.1920929e-08	0.033953976	-0.0033016868	-0.002716877	0.42364225	0.002143917	0.0348	79.0	446.05746507644653
94	1.0	0.0	1.0	1.0	78.3	0.6741792	0.09837606	0.7732179	0.3036913	475000	-8.940697e-09	0.019711202	-0.0023271276	-0.0012746479	0.41873926	0.002347578	0.0218	79.0	451.31695222854614
95	1.0	0.0	1.0	1.0	76.36508	0.68371254	0.088602126	0.75163084	0.35131902	480000	-7.450581e-09	0.017788079	-0.003108476	-0.00045518036	0.40620118	0.0020882855	0.0376	79.0	456.52748346328735
96	1.0	0.0	1.0	1.0	77.409836	0.688665	0.08652837	0.7573989	0.34340584	485000	-6.3329937e-09	0.017885512	-0.0028096368	-0.00021941475	0.3955988	0.0023921782	0.0278	79.0	461.49920678138733
97	0.9290322	0.27023712	1.0	-0.1	78.064514	0.68780285	0.08807092	0.7530559	0.33283588	490000	-1.7881394e-08	0.054664053	-0.007179239	-0.02474088	0.38406706	0.008387751	0.075600006	79.0	466.67515897750854
98	1.0	0.0	1.0	1.0	76.79365	0.6481068	0.16799821	0.78530025	-0.32425666	495000	5.9604646e-09	0.03787814	-0.0030757522	-0.02079885	0.38575917	0.0022696606	0.028800001	79.0	471.83406925201416
99	0.9828125	0.13642156	1.0	-0.1	75.859375	0.702629	0.086791255	0.7605801	0.3820618	500000	-1.1920929e-08	0.026037047	-0.0036904286	-0.0017293438	0.3801001	0.0029419172	0.0352	79.0	476.9995882511139
